[Calibration]
sw_ldcC_image_width     = 1920
sw_ldcC_image_height    = 1080

sw_ldcC_opticCenter_x           = 965.94432
sw_ldcC_opticCenter_y           = 524.16288
sw_ldcC_lensDistor_coeff0       = -697.06693896
sw_ldcC_lensDistor_coeff1       = 0.00016488
sw_ldcC_lensDistor_coeff2       = 0.00000023697320638817
sw_ldcC_lensDistor_coeff3       = 0.00000000002224407027
sw_ldcC_correctStrg_maxLimit    = 200

[Config]
sw_ldcT_correctStrg_val = 200
sw_ldcT_saveMaxFovX_bit = 0
