[Calibration]
sw_ldcC_image_width     = 2688
sw_ldcC_image_height    = 1520

sw_ldcC_opticCenter_x           = 1286.77919299888
sw_ldcC_opticCenter_y           = 711.556309136394
sw_ldcC_lensDistor_coeff0       = -1665.24633880296
sw_ldcC_lensDistor_coeff1       = 0.000522654328553354
sw_ldcC_lensDistor_coeff2       = -0.00000044530294878197
sw_ldcC_lensDistor_coeff3       = 0.000000000217371294
sw_ldcC_correctStrg_maxLimit    = 250

[Config]
sw_ldcT_correctStrg_val = 200
sw_ldcT_saveMaxFovX_bit = 0
