[Calibration]
sw_ldcC_image_width     = 3840
sw_ldcC_image_height    = 2160

sw_ldcC_opticCenter_x           = 1956.390912
sw_ldcC_opticCenter_y           = 1140.63552
sw_ldcC_lensDistor_coeff0       = -2819.40724938216
sw_ldcC_lensDistor_coeff1       = 0.0000316126581792
sw_ldcC_lensDistor_coeff2       = 0.0000000688410142
sw_ldcC_lensDistor_coeff3       = -0.0000000000130686
sw_ldcC_correctStrg_maxLimit    = 255

[Config]
sw_ldcT_correctStrg_val = 200
sw_ldcT_saveMaxFovX_bit = 0
